Pareto Design 187
========================================

Design Variables:
  X1 = 0.1481
  X2 = 0.0015
  X3 = 0.0921
  X4 = 0.0372

Performance:
  Volume = 4.183228357600048
  CL/CD = 4.088606069249356
  CL_min = -0.6000103363790688
  Volume_min = 4.183228357600048
