Pareto Design 184
========================================

Design Variables:
  X1 = 0.1476
  X2 = 0.0015
  X3 = 0.0886
  X4 = 0.0370

Performance:
  Volume = 4.410193464122912
  CL/CD = 4.083767451852953
  CL_min = -0.6020405388685648
  Volume_min = 4.410193464122912
