Pareto Design 165
========================================

Design Variables:
  X1 = 0.1341
  X2 = 0.0100
  X3 = 0.1806
  X4 = 0.0341

Performance:
  Volume = 4.243788928970405
  CL/CD = 4.087536674358648
  CL_min = -0.5583982160963843
  Volume_min = 4.243788928970405
