Pareto Design 147
========================================

Design Variables:
  X1 = 0.1480
  X2 = 0.0105
  X3 = 0.1816
  X4 = 0.0341

Performance:
  Volume = 4.119916536741618
  CL/CD = 4.090636877182952
  CL_min = -0.5582470745689607
  Volume_min = 4.119916536741618
