Pareto Design 153
========================================

Design Variables:
  X1 = 0.1354
  X2 = 0.0100
  X3 = 0.1913
  X4 = 0.0649

Performance:
  Volume = 4.1283517138116
  CL/CD = 4.090450352691826
  CL_min = -0.5360730704740668
  Volume_min = 4.1283517138116
