Pareto Design 144
========================================

Design Variables:
  X1 = 0.1323
  X2 = 0.0045
  X3 = 0.1913
  X4 = 0.0649

Performance:
  Volume = 4.103821397380024
  CL/CD = 4.091687458130649
  CL_min = -0.5333139711129811
  Volume_min = 4.103821397380024
