Pareto Design 190
========================================

Design Variables:
  X1 = 0.1475
  X2 = 0.0098
  X3 = 0.0886
  X4 = 0.0637

Performance:
  Volume = 4.320965786348468
  CL/CD = 4.087527872217918
  CL_min = -0.5911362301697809
  Volume_min = 4.320965786348468
