Pareto Design 101
========================================

Design Variables:
  X1 = 0.1483
  X2 = 0.0100
  X3 = 0.1811
  X4 = 0.0341

Performance:
  Volume = 3.9176156765260544
  CL/CD = 4.091696166788716
  CL_min = -0.5581930611038359
  Volume_min = 3.9176156765260544
