Pareto Design 182
========================================

Design Variables:
  X1 = 0.1702
  X2 = 0.0018
  X3 = 0.0886
  X4 = 0.0637

Performance:
  Volume = 4.419383407658633
  CL/CD = 1.067619832628375
  CL_min = -0.0746745070240566
  Volume_min = 4.419383407658633
