Pareto Design 141
========================================

Design Variables:
  X1 = 0.1702
  X2 = 0.0015
  X3 = 0.0886
  X4 = 0.0637

Performance:
  Volume = 4.420109728110364
  CL/CD = 1.0103212687023562
  CL_min = -0.0937974200538678
  Volume_min = 4.420109728110364
