Pareto Design 200
========================================

Design Variables:
  X1 = 0.1315
  X2 = 0.0100
  X3 = 0.1811
  X4 = 0.0359

Performance:
  Volume = 4.182130392078967
  CL/CD = 4.088630085594959
  CL_min = -0.5571721668869052
  Volume_min = 4.182130392078967
