Pareto Design 151
========================================

Design Variables:
  X1 = 0.1483
  X2 = 0.0100
  X3 = 0.1919
  X4 = 0.0341

Performance:
  Volume = 4.122723212325577
  CL/CD = 4.090567988522484
  CL_min = -0.5528137195089435
  Volume_min = 4.122723212325577
