Pareto Design 150
========================================

Design Variables:
  X1 = 0.1483
  X2 = 0.0100
  X3 = 0.1914
  X4 = 0.0341

Performance:
  Volume = 3.904282233526287
  CL/CD = 4.093013377145122
  CL_min = -0.5530778443459476
  Volume_min = 3.904282233526287
