Pareto Design 77
========================================

Design Variables:
  X1 = 0.0446
  X2 = 0.5286
  X3 = 0.3003
  X4 = 0.0623

Performance:
  Volume = 3.294596132723007
  CL/CD = 4.097747349491312
  CL_min = -0.7683646740704024
  Volume_min = 3.294596132723007
